function [nums] = getNumArray()


nums = ['_0001.jpg';
        '_0002.jpg';
        '_0003.jpg';
        '_0004.jpg';
        '_0005.jpg';
        '_0006.jpg';
        '_0007.jpg';
        '_0008.jpg';
        '_0009.jpg';
        '_0010.jpg';
        '_0011.jpg';
        '_0012.jpg';
        '_0013.jpg';
        '_0014.jpg';
        '_0015.jpg';
        '_0016.jpg';
        '_0017.jpg';
        '_0018.jpg';
        '_0019.jpg';
        '_0020.jpg';
        '_0021.jpg';
        '_0022.jpg';
        '_0023.jpg';
        '_0024.jpg';
        '_0025.jpg';
        '_0026.jpg';
        '_0027.jpg';
        '_0028.jpg';
        '_0029.jpg';
        '_0030.jpg';
        '_0031.jpg';
        '_0032.jpg';
        '_0033.jpg';
        '_0034.jpg';
        '_0035.jpg';
        '_0036.jpg';
        '_0037.jpg';
        '_0038.jpg';
        '_0039.jpg';
        '_0040.jpg';
        '_0041.jpg';
        '_0042.jpg';
        '_0043.jpg';
        '_0044.jpg';
        '_0045.jpg';
        '_0046.jpg';
        '_0047.jpg';
        '_0048.jpg';
        '_0049.jpg';
        '_0050.jpg';
        '_0051.jpg';
        '_0052.jpg';
        '_0053.jpg';
        '_0054.jpg';
        '_0055.jpg';
        '_0056.jpg';
        '_0057.jpg';
        '_0058.jpg';
        '_0059.jpg';
        '_0060.jpg';
        '_0061.jpg';
        '_0062.jpg';
        '_0063.jpg';
        '_0064.jpg';
        '_0065.jpg';
        '_0066.jpg';
        '_0067.jpg';
        '_0068.jpg';
        '_0069.jpg';
        '_0070.jpg';
        '_0071.jpg';
        '_0072.jpg';
        '_0073.jpg';
        '_0074.jpg';
        '_0075.jpg';
        '_0076.jpg';
        '_0077.jpg';
        '_0078.jpg';
        '_0079.jpg';
        '_0080.jpg';
        '_0081.jpg';
        '_0082.jpg';
        '_0083.jpg';
        '_0084.jpg';
        '_0085.jpg';
        '_0086.jpg';
        '_0087.jpg';
        '_0088.jpg';
        '_0089.jpg';
        '_0090.jpg';
        '_0091.jpg';
        '_0092.jpg';
        '_0093.jpg';
        '_0094.jpg';
        '_0095.jpg';
        '_0096.jpg';
        '_0097.jpg';
        '_0098.jpg';
        '_0099.jpg';
        '_0100.jpg';
        '_0101.jpg';
        '_0102.jpg';
        '_0103.jpg';
        '_0104.jpg';
        '_0105.jpg';
        '_0106.jpg';
        '_0107.jpg';
        '_0108.jpg';
        '_0109.jpg';
        '_0110.jpg';
        '_0111.jpg';
        '_0112.jpg';
        '_0113.jpg';
        '_0114.jpg';
        '_0115.jpg';
        '_0116.jpg';
        '_0117.jpg';
        '_0118.jpg';
        '_0119.jpg';
        '_0120.jpg';
        '_0121.jpg';
        '_0122.jpg';
        '_0123.jpg';
        '_0124.jpg';
        '_0125.jpg';
        '_0126.jpg';
        '_0127.jpg';
        '_0128.jpg';
        '_0129.jpg';
        '_0130.jpg';
        '_0131.jpg';
        '_0132.jpg';
        '_0133.jpg';
        '_0134.jpg';
        '_0135.jpg';
        '_0136.jpg';
        '_0137.jpg';
        '_0138.jpg';
        '_0139.jpg';
        '_0140.jpg';
        '_0141.jpg';
        '_0142.jpg';
        '_0143.jpg';
        '_0144.jpg';
        '_0145.jpg';
        '_0146.jpg';
        '_0147.jpg';
        '_0148.jpg';
        '_0149.jpg';
        '_0150.jpg';
        '_0151.jpg';
        '_0152.jpg';
        '_0153.jpg';
        '_0154.jpg';
        '_0155.jpg';
        '_0156.jpg';
        '_0157.jpg';
        '_0158.jpg';
        '_0159.jpg';
        '_0160.jpg';
        '_0161.jpg';
        '_0162.jpg';
        '_0163.jpg';
        '_0164.jpg';
        '_0165.jpg';
        '_0166.jpg';
        '_0167.jpg';
        '_0168.jpg';
        '_0169.jpg';
        '_0170.jpg';
        '_0171.jpg';
        '_0172.jpg';
        '_0173.jpg';
        '_0174.jpg';
        '_0175.jpg';
        '_0176.jpg';
        '_0177.jpg';
        '_0178.jpg';
        '_0179.jpg';
        '_0180.jpg';
        '_0181.jpg';
        '_0182.jpg';
        '_0183.jpg';
        '_0184.jpg';
        '_0185.jpg';
        '_0186.jpg';
        '_0187.jpg';
        '_0188.jpg';
        '_0189.jpg';
        '_0190.jpg';
        '_0191.jpg';
        '_0192.jpg';
        '_0193.jpg';
        '_0194.jpg';
        '_0195.jpg';
        '_0196.jpg';
        '_0197.jpg';
        '_0198.jpg';
        '_0199.jpg';
        '_0200.jpg';
        '_0201.jpg';
        '_0202.jpg';
        '_0203.jpg';
        '_0204.jpg';
        '_0205.jpg';
        '_0206.jpg';
        '_0207.jpg';
        '_0208.jpg';
        '_0209.jpg';
        '_0210.jpg';
        '_0211.jpg';
        '_0212.jpg';
        '_0213.jpg';
        '_0214.jpg';
        '_0215.jpg';
        '_0216.jpg';
        '_0217.jpg';
        '_0218.jpg';
        '_0219.jpg';
        '_0220.jpg';
        '_0221.jpg';
        '_0222.jpg';
        '_0223.jpg';
        '_0224.jpg';
        '_0225.jpg';
        '_0226.jpg';
        '_0227.jpg';
        '_0228.jpg';
        '_0229.jpg';
        '_0230.jpg';
        '_0231.jpg';
        '_0232.jpg';
        '_0233.jpg';
        '_0234.jpg';
        '_0235.jpg';
        '_0236.jpg';
        '_0237.jpg';
        '_0238.jpg';
        '_0239.jpg';
        '_0240.jpg';
        '_0241.jpg';
        '_0242.jpg';
        '_0243.jpg';
        '_0244.jpg';
        '_0245.jpg';
        '_0246.jpg';
        '_0247.jpg';
        '_0248.jpg';
        '_0249.jpg';
        '_0250.jpg';
        '_0251.jpg';
        '_0252.jpg';
        '_0253.jpg';
        '_0254.jpg';
        '_0255.jpg';
        '_0256.jpg';
        '_0257.jpg';
        '_0258.jpg';
        '_0259.jpg';
        '_0260.jpg';
        '_0261.jpg';
        '_0262.jpg';
        '_0263.jpg';
        '_0264.jpg';
        '_0265.jpg';
        '_0266.jpg';
        '_0267.jpg';
        '_0268.jpg';
        '_0269.jpg';
        '_0270.jpg';
        '_0271.jpg';
        '_0272.jpg';
        '_0273.jpg';
        '_0274.jpg';
        '_0275.jpg';
        '_0276.jpg';
        '_0277.jpg';
        '_0278.jpg';
        '_0279.jpg';
        '_0280.jpg';
        '_0281.jpg';
        '_0282.jpg';
        '_0283.jpg';
        '_0284.jpg';
        '_0285.jpg';
        '_0286.jpg';
        '_0287.jpg';
        '_0288.jpg';
        '_0289.jpg';
        '_0290.jpg';
        '_0291.jpg';
        '_0292.jpg';
        '_0293.jpg';
        '_0294.jpg';
        '_0295.jpg';
        '_0296.jpg';
        '_0297.jpg';
        '_0298.jpg';
        '_0299.jpg';
        '_0300.jpg';
        '_0301.jpg';
        '_0302.jpg';
        '_0303.jpg';
        '_0304.jpg';
        '_0305.jpg';
        '_0306.jpg';
        '_0307.jpg';
        '_0308.jpg';
        '_0309.jpg';
        '_0310.jpg';
        '_0311.jpg';
        '_0312.jpg';
        '_0313.jpg';
        '_0314.jpg';
        '_0315.jpg';
        '_0316.jpg';
        '_0317.jpg';
        '_0318.jpg';
        '_0319.jpg';
        '_0320.jpg';
        '_0321.jpg';
        '_0322.jpg';
        '_0323.jpg';
        '_0324.jpg';
        '_0325.jpg';
        '_0326.jpg';
        '_0327.jpg';
        '_0328.jpg';
        '_0329.jpg';
        '_0330.jpg';
        '_0331.jpg';
        '_0332.jpg';
        '_0333.jpg';
        '_0334.jpg';
        '_0335.jpg';
        '_0336.jpg';
        '_0337.jpg';
        '_0338.jpg';
        '_0339.jpg';
        '_0340.jpg';
        '_0341.jpg';
        '_0342.jpg';
        '_0343.jpg';
        '_0344.jpg';
        '_0345.jpg';
        '_0346.jpg';
        '_0347.jpg';
        '_0348.jpg';
        '_0349.jpg';
        '_0350.jpg';
        '_0351.jpg';
        '_0352.jpg';
        '_0353.jpg';
        '_0354.jpg';
        '_0355.jpg';
        '_0356.jpg';
        '_0357.jpg';
        '_0358.jpg';
        '_0359.jpg';
        '_0360.jpg';
        '_0361.jpg';
